0,000	-0,060
0,099	-0,072
0,199	0,006
0,299	-0,012
0,399	-0,100
0,500	-0,069
0,600	-0,071
0,700	-0,032
0,800	-0,055
0,900	-0,089
1,000	-0,022
1,100	-0,038
1,200	-0,030
1,299	-0,050
1,399	-0,081
1,499	-0,041
1,599	-0,019
1,700	-0,049
1,800	-0,043
1,900	-0,086
2,000	-0,059
2,100	-0,008
2,200	-0,046
2,300	-0,064
2,400	0,002
2,499	-0,044
2,599	-0,050
2,699	-0,054
2,799	-0,042
2,900	-0,056
3,000	-0,106
3,100	-0,016
3,200	-0,042
3,300	-0,061
3,400	-0,012
3,500	-0,087
3,600	-0,046
3,699	-0,077
3,799	-0,044
3,899	-0,048
3,999	-0,085
4,100	-0,110
4,200	-0,052
4,300	-0,049
4,400	-0,097
4,500	-0,062
4,600	-0,054
4,700	-0,073
4,800	-0,041
4,899	-0,054
4,999	-0,036
5,099	-0,012
5,199	-0,036
5,299	-0,030
5,400	-0,014
5,500	-0,055
5,600	-0,094
5,700	-0,006
5,800	-0,012
5,900	-0,053
6,000	-0,062
6,099	-0,064
6,199	-0,039
6,299	-0,096
6,399	-0,043
6,499	-0,054
6,600	-0,050
6,700	-0,034
6,800	-0,035
6,900	-0,086
7,000	-0,057
7,100	-0,107
7,200	-0,060
7,300	-0,025
7,399	-0,070
7,499	-0,095
7,599	-0,036
7,699	-0,033
7,800	-0,052
7,900	-0,062
8,000	-0,052
8,100	-0,047
8,200	-0,059
8,300	-0,046
8,400	-0,058
8,500	-0,051
8,599	0,001
8,699	-0,019
8,799	-0,009
8,899	-0,016
9,000	-0,024
9,100	0,002
9,200	-0,014
9,300	-0,006
9,400	0,031
9,500	0,050
9,600	0,075
9,700	0,037
9,799	0,025
9,899	0,067
9,999	0,071
10,099	0,148
10,200	0,154
10,300	0,110
10,400	0,097
10,500	0,081
10,600	0,065
10,700	0,002
10,800	-0,062
10,900	-0,124
10,999	-0,161
11,099	-0,227
11,199	-0,334
11,299	-0,434
11,400	-0,463
11,500	-0,517
11,600	-0,591
11,700	-0,723
11,800	-0,825
11,900	-0,918
12,000	-1,048
12,100	-1,149
12,199	-1,282
12,299	-1,320
12,399	-1,366
12,499	-1,212
12,600	-0,956
12,700	-0,539
12,800	-0,016
12,900	0,577
13,000	1,228
13,100	1,818
13,200	2,254
13,300	2,463
13,399	2,288
13,499	1,998
13,599	1,524
13,699	0,978
13,800	0,510
13,900	0,171
14,000	-0,122
14,100	-0,386
14,200	-0,384
14,300	-0,415
14,400	-0,445
14,500	-0,367
14,599	-0,268
14,699	-0,217
14,799	-0,156
14,899	-0,101
15,000	-0,106
15,100	-0,020
15,200	-0,055
15,300	0,038
15,400	0,072
15,500	0,047
15,600	0,078
15,700	0,087
15,799	0,153
15,899	0,130
15,999	0,105
16,099	0,053
16,200	0,050
16,300	0,017
16,400	-0,096
16,500	-0,117
16,600	-0,017
16,700	0,016
16,800	0,055
16,900	0,137
16,999	0,101
17,099	0,111
17,199	0,060
17,299	0,025
17,400	0,002
17,500	-0,109
17,600	-0,243
17,700	-0,285
17,800	-0,325
17,900	-0,404
18,000	-0,334
18,100	-0,354
18,199	-0,328
18,299	-0,318
18,399	-0,252
18,499	-0,248
18,600	-0,170
18,700	-0,094
18,800	-0,026
18,900	0,033
19,000	0,032
19,100	0,017
19,200	0,043
19,300	0,041
19,399	0,080
19,499	0,002
19,599	-0,081
19,699	-0,130
19,800	-0,205
19,900	-0,229
20,000	-0,272
20,100	-0,313
20,200	-0,487
20,300	-0,548
20,400	-0,460
20,500	-0,553
20,599	-0,532
20,699	-0,480
20,799	-0,467
20,899	-0,473
21,000	-0,399
21,100	-0,347
21,200	-0,245
21,300	-0,232
21,400	-0,215
21,500	-0,173
21,600	-0,163
21,700	-0,113
21,799	-0,103
21,899	-0,079
21,999	-0,098
22,099	-0,089
22,200	-0,071
22,300	-0,080
22,400	-0,102
22,500	-0,114
22,600	-0,076
22,700	-0,048
22,800	-0,082
22,900	-0,082
22,999	-0,019
23,099	-0,047
23,199	-0,137
23,299	-0,148
23,400	-0,186
23,500	-0,150
23,600	-0,186
23,700	-0,268
23,800	-0,237
23,900	-0,246
24,000	-0,231
24,100	-0,172
24,199	-0,159
24,299	-0,020
24,399	0,082
24,499	0,115
24,600	0,276
24,700	0,295
24,800	0,356
24,900	0,365
25,000	0,364
25,100	0,265
25,200	0,234
25,300	0,160
25,399	0,098
25,499	0,090
25,599	-0,004
25,699	0,048
25,800	-0,021
25,900	-0,057
26,000	-0,049
26,100	-0,115
26,200	-0,101
26,300	-0,051
26,400	0,034
26,500	0,070
26,599	0,113
26,699	0,095
26,799	0,142
26,899	0,139
27,000	0,147
27,100	0,112
27,200	0,189
27,300	0,166
27,400	0,156
27,500	0,124
27,600	0,082
27,700	0,096
27,799	0,068
27,899	0,079
27,999	0,128
28,099	0,114
28,200	0,165
28,300	0,184
28,400	0,164
28,500	0,148
28,600	0,082
28,700	-0,022
28,800	-0,057
28,900	-0,134
28,999	-0,141
29,099	-0,156
29,199	-0,194
29,299	-0,206
29,400	-0,233
29,500	-0,241
29,600	-0,178
29,700	-0,148
29,800	-0,154
29,900	-0,044
30,000	-0,015
30,100	-0,054
30,199	0,008
30,299	-0,021
30,399	-0,063
30,499	-0,083
30,600	-0,041
30,700	-0,074
30,800	-0,064
30,900	-0,027
31,000	-0,076
31,100	-0,121
31,200	-0,094
31,300	-0,108
31,399	-0,145
31,499	-0,185
31,599	-0,124
31,699	-0,199
31,799	-0,123
31,900	-0,132
32,000	-0,126
32,100	-0,143
32,200	-0,183
32,300	-0,201
32,400	-0,166
32,500	-0,217
32,599	-0,227
32,699	-0,184
32,799	-0,174
32,899	-0,231
32,999	-0,251
33,100	-0,236
33,200	-0,147
33,300	-0,076
33,400	-0,007
33,500	0,014
33,600	0,127
33,700	0,098
33,800	0,073
33,899	0,116
33,999	0,067
34,099	-0,057
34,199	-0,029
34,300	-0,087
34,400	-0,115
34,500	-0,192
34,600	-0,224
34,700	-0,223
34,800	-0,212
34,900	-0,158
35,000	-0,194
35,099	-0,174
35,199	-0,142
35,299	-0,145
35,399	-0,158
35,500	-0,087
35,600	-0,065
35,700	-0,119
35,800	-0,078
35,900	-0,112
36,000	-0,110
36,100	-0,088
36,200	-0,086
36,299	-0,068
36,399	-0,069
36,499	-0,105
36,599	-0,036
36,700	-0,043
36,800	-0,090
36,900	0,002
37,000	0,014
37,100	-0,027
37,200	-0,032
37,300	0,043
37,400	0,055
37,499	0,015
37,599	0,074
37,699	0,112
37,799	0,093
37,900	0,047
38,000	0,050
38,100	0,042
38,200	0,019
38,300	-0,041
38,400	-0,021
38,500	-0,050
38,600	-0,066
38,699	-0,071
38,799	-0,047
38,899	-0,052
38,999	-0,006
39,100	-0,093
39,200	-0,111
39,300	-0,111
39,400	-0,063
39,500	-0,077
39,600	-0,145
39,700	-0,163
39,800	-0,096
39,899	-0,138
39,999	-0,125
40,099	-0,113
40,199	-0,128
40,300	-0,115
40,400	-0,073
40,500	-0,114
40,600	-0,022
40,700	-0,088
40,800	-0,063
40,900	-0,063
41,000	-0,067
41,099	-0,050
41,199	-0,059
41,299	-0,058
41,399	-0,029
41,500	-0,053
41,600	0,004
41,700	-0,006
41,800	-0,002
41,900	-0,014
42,000	-0,034
42,100	-0,095
42,200	-0,078
42,299	-0,104
42,399	-0,031
42,499	-0,062
42,599	-0,064
42,700	-0,042
42,800	-0,002
42,900	0,010
43,000	0,039
43,100	-0,041
43,200	-0,061
43,300	0,013
43,400	0,014
43,499	-0,081
43,599	-0,117
43,699	-0,072
43,799	-0,082
43,900	-0,081
44,000	-0,117
44,100	-0,078
44,200	-0,079
44,300	-0,046
44,400	-0,084
44,500	-0,060
44,600	-0,028
44,699	-0,079
44,799	-0,061
44,899	0,006
44,999	-0,047
45,100	0,013
45,200	-0,048
45,300	-0,030
45,400	-0,090
45,500	-0,073
45,600	-0,045
45,700	-0,114
45,800	-0,120
45,899	-0,016
45,999	-0,093
46,099	-0,070
46,199	-0,054
46,300	-0,108
46,400	-0,079
46,500	-0,052
46,600	-0,076
46,700	-0,066
46,800	-0,088
46,900	-0,054
47,000	-0,041
47,099	-0,099
47,199	-0,095
47,299	-0,134
47,399	-0,070
47,500	-0,153
47,600	-0,124
47,700	-0,076
47,800	-0,046
47,900	-0,089
48,000	-0,048
48,100	-0,009
48,200	0,004
48,299	0,034
48,399	0,028
48,499	0,002
48,599	-0,016
48,700	-0,089
48,800	-0,103
48,900	-0,135
49,000	-0,111
49,100	-0,154
49,200	-0,105
49,300	-0,107
49,400	-0,091
49,499	-0,081
49,599	-0,021
49,699	-0,000
49,799	0,016
49,900	0,043
50,000	0,057
50,100	-0,043
50,200	-0,044
50,300	-0,006
50,400	-0,084
50,500	-0,086
50,600	-0,115
50,699	-0,087
50,799	-0,081
50,899	-0,101
50,999	-0,106
51,100	-0,082
51,200	-0,100
51,300	-0,138
51,400	-0,089
51,500	-0,059
51,600	-0,063
51,700	-0,125
51,800	-0,077
51,899	-0,065
51,999	-0,044
52,099	-0,004
52,199	0,018
52,300	-0,057
52,400	-0,047
52,500	-0,027
52,600	-0,011
52,700	-0,090
52,800	-0,101
52,900	-0,065
53,000	-0,064
53,099	-0,096
53,199	-0,057
53,299	-0,030
53,399	-0,053
53,500	-0,043
53,600	-0,045
53,700	0,015
53,800	0,010
53,900	-0,006
54,000	0,042
54,100	0,021
54,200	-0,014
54,299	-0,039
54,399	-0,086
54,499	-0,085
54,599	-0,098
54,700	-0,067
54,800	-0,067
54,900	-0,067
55,000	-0,109
55,100	0,001
55,200	-0,051
55,300	-0,072
55,400	-0,132
55,499	-0,102
55,599	-0,035
55,699	-0,073
55,799	-0,076
55,900	-0,084
56,000	-0,050
56,100	-0,059
56,200	-0,114
56,300	-0,096
56,400	-0,120
56,500	-0,048
56,600	-0,051
56,699	-0,136
56,799	-0,125
56,899	-0,078
56,999	-0,090
57,100	-0,077
57,200	-0,056
57,300	-0,052
57,400	-0,068
57,500	-0,045
57,600	-0,056
57,700	-0,083
57,800	0,029
57,899	-0,033
57,999	-0,067
58,099	-0,055
58,199	-0,021
58,299	-0,048
58,400	-0,067
58,500	-0,107
58,600	-0,077
58,700	-0,059
58,800	-0,050
58,900	-0,086
59,000	-0,077
59,099	-0,078
59,199	-0,090
59,299	-0,038
59,399	-0,097
59,499	-0,060
59,600	-0,013
59,700	-0,052
59,800	-0,100
59,900	-0,106
60,000	-0,111
60,100	-0,091
60,200	-0,099
60,300	-0,014
60,399	0,006
60,499	-0,057
60,599	-0,048
60,699	0,016
60,800	0,013
60,900	-0,061
61,000	-0,013
61,100	-0,068
61,200	0,011
61,300	-0,008
61,400	-0,042
61,500	-0,086
61,599	-0,044
61,699	0,008
61,799	-0,032
61,899	-0,031
62,000	-0,089
62,100	-0,015
62,200	-0,009
62,300	-0,093
62,400	-0,036
62,500	-0,059
62,600	-0,038
62,700	-0,041
62,799	-0,060
62,899	-0,059
62,999	-0,071
63,099	-0,003
63,200	-0,089
63,300	-0,066
63,400	-0,066
63,500	-0,119
63,600	-0,144
63,700	-0,072
63,800	-0,114
63,900	-0,120
63,999	-0,076
64,099	-0,049
64,199	-0,026
64,299	-0,019
64,400	-0,109
64,500	-0,079
64,600	-0,063
64,700	-0,072
64,800	-0,037
64,900	-0,084
65,000	-0,030
65,100	-0,077
65,199	-0,107
65,299	-0,108
65,399	-0,091
65,499	-0,082
65,600	-0,053
65,700	-0,077
65,800	-0,037
65,900	-0,110
66,000	-0,127
66,100	-0,066
66,200	-0,092
66,300	-0,034
66,399	-0,065
66,499	-0,064
66,599	-0,058
66,699	-0,068
66,800	-0,087
66,900	-0,067
67,000	-0,082
67,100	-0,064
67,200	-0,124
67,300	-0,080
67,400	-0,058
67,500	-0,060
67,599	-0,040
67,699	-0,094
67,799	-0,029
67,899	-0,074
68,000	-0,054
68,100	-0,058
68,200	-0,017
68,300	0,030
68,400	-0,008
68,500	-0,028
68,600	-0,061
68,700	-0,095
68,799	-0,039
68,899	-0,054
68,999	-0,065
69,099	-0,116
69,200	-0,100
69,300	-0,094
69,400	-0,040
69,500	-0,039
69,600	-0,017
69,700	-0,052
69,800	-0,085
69,900	-0,112
69,999	-0,096
70,099	-0,050
70,199	-0,033
70,299	-0,030
70,400	-0,113
70,500	-0,083
70,600	-0,084
70,700	-0,125
70,800	-0,061
70,900	-0,065
71,000	-0,033
71,100	-0,096
71,199	-0,024
71,299	-0,096
71,399	-0,077
71,499	-0,069
71,600	-0,082
71,700	-0,044
71,800	-0,088
71,900	-0,061
72,000	-0,025
72,100	-0,065
72,200	-0,088
72,300	-0,094
72,399	-0,109
72,499	-0,067
72,599	-0,081
72,699	-0,062
72,800	-0,053
72,900	-0,097
73,000	-0,083
73,100	-0,102
73,200	-0,061
73,300	-0,070
73,400	-0,070
73,500	-0,066
73,599	-0,002
73,699	-0,047
73,799	-0,045
73,899	-0,027
74,000	-0,067
74,100	-0,085
74,200	-0,092
74,300	-0,088
74,400	-0,103
74,500	-0,103
74,600	-0,035
74,700	-0,014
74,799	-0,066
74,899	-0,068
74,999	-0,062
75,099	-0,016
75,200	-0,073
75,300	-0,056
75,400	0,000
75,500	-0,081
75,600	-0,083
75,700	-0,056
75,800	-0,018
75,900	-0,074
75,999	-0,047
76,099	-0,050
76,199	-0,051
76,299	-0,089
76,400	-0,084
76,500	-0,029
76,600	-0,113
76,700	-0,001
76,800	-0,096
76,900	-0,043
77,000	-0,006
77,100	-0,040
77,199	-0,024
77,299	-0,030
77,399	-0,057
77,499	-0,081
77,600	-0,050
77,700	-0,075
77,800	-0,034
77,900	-0,043
78,000	-0,077
78,100	-0,063
78,200	-0,038
78,300	-0,088
78,399	-0,109
78,499	-0,071
78,599	-0,089
78,699	-0,067
78,800	-0,049
78,900	-0,037
79,000	-0,024
79,100	-0,055
79,200	-0,062
79,300	-0,111
79,400	-0,031
79,500	-0,046
79,599	-0,019
79,699	-0,036
79,799	-0,047
79,899	-0,051
80,000	-0,064
80,100	-0,031
80,200	-0,008
80,300	-0,031
80,400	-0,005
80,500	-0,074
80,600	-0,085
80,700	-0,018
80,799	0,014
80,899	-0,016
80,999	-0,029
81,099	-0,013
81,200	-0,034
81,300	-0,079
81,400	-0,095
81,500	-0,081
81,600	-0,100
81,700	-0,032
81,800	-0,084
81,900	-0,071
81,999	-0,030
82,099	-0,120
82,199	-0,114
82,299	-0,060
82,400	-0,109
82,500	-0,084
82,600	-0,038
82,700	-0,039
82,800	-0,041
82,900	-0,038
83,000	-0,027
83,100	-0,002
83,199	-0,078
83,299	-0,034
83,399	-0,021
83,499	-0,017
83,600	-0,029
83,700	-0,038
83,800	-0,065
83,900	-0,052
84,000	-0,024
84,100	-0,059
84,200	-0,029
84,300	-0,037
84,399	-0,080
84,499	-0,071
84,599	-0,029
84,699	-0,068
84,799	-0,109
84,900	-0,094
85,000	-0,088
85,100	-0,097
85,200	-0,073
85,300	-0,096
85,400	-0,097
85,500	-0,082
85,600	-0,034
85,699	-0,053
85,799	0,008
85,899	-0,033
85,999	-0,036
86,100	-0,024
86,200	-0,011
86,300	-0,015
86,400	-0,057
86,500	-0,120
86,600	-0,075
86,700	-0,075
86,800	-0,054
86,899	-0,094
86,999	-0,059
87,099	-0,042
87,199	-0,039
87,300	-0,029
87,400	-0,098
87,500	-0,088
87,600	-0,100
87,700	-0,065
87,800	-0,087
87,900	-0,047
88,000	-0,028
88,099	-0,074
88,199	-0,033
88,299	-0,109
88,399	-0,092
88,500	0,001
88,600	-0,098
88,700	-0,025
88,800	-0,109
88,900	-0,120
89,000	-0,087
89,100	-0,044
89,200	-0,081
89,299	-0,049
89,399	-0,014
89,499	-0,027
89,599	-0,026
89,700	-0,041
89,800	-0,065
89,900	-0,034
90,000	-0,099
90,100	-0,078
90,200	-0,054
90,300	-0,068
90,400	-0,068
90,499	-0,088
90,599	-0,050
90,699	-0,073
90,799	-0,073
90,900	-0,058
91,000	-0,068
91,100	-0,019
91,200	-0,086
91,300	-0,029
91,400	-0,098
91,500	-0,041
91,600	-0,074
91,699	-0,079
91,799	-0,022
91,899	-0,054
91,999	-0,059
92,100	-0,069
92,200	-0,067
92,300	-0,096
92,400	-0,069
92,500	-0,044
92,600	-0,054
92,700	-0,103
92,800	-0,035
92,899	-0,120
92,999	-0,103
93,099	-0,040
93,199	-0,061
93,300	-0,074
93,400	-0,057
93,500	-0,063
93,600	-0,063
93,700	-0,065
93,800	-0,021
93,900	-0,020
94,000	-0,069
94,099	-0,125
94,199	-0,114
94,299	-0,060
94,399	-0,114
94,500	-0,035
94,600	-0,041
94,700	-0,047
94,800	-0,045
94,900	-0,037
95,000	0,004
95,100	-0,029
95,200	-0,039
95,299	-0,092
95,399	-0,027
95,499	-0,062
95,599	-0,076
95,700	-0,017
95,800	-0,068
95,900	-0,091
96,000	-0,082
96,100	-0,074
96,200	-0,060
96,300	-0,003
96,400	-0,037
96,499	-0,094
96,599	-0,069
96,699	-0,040
96,799	-0,019
96,900	-0,036
97,000	-0,062
97,100	-0,022
97,200	-0,058
97,300	-0,056
97,400	-0,045
97,500	-0,081
97,600	-0,053
97,699	-0,030
97,799	-0,082
97,899	-0,074
97,999	-0,071
98,100	-0,038
98,200	-0,110
98,300	-0,098
98,400	-0,099
98,500	-0,077
98,600	-0,065
98,700	-0,048
98,800	-0,059
98,899	-0,087
98,999	-0,058
99,099	-0,028
99,199	-0,085
99,300	-0,080
99,400	-0,112
99,500	-0,116
99,600	-0,062
99,700	-0,100
99,800	-0,064
99,900	-0,078
100,000	-0,062
