0,000	-0,049
0,099	-0,014
0,199	-0,097
0,299	-0,061
0,399	-0,065
0,500	-0,103
0,600	-0,070
0,700	-0,036
0,800	-0,069
0,900	-0,090
1,000	-0,087
1,100	-0,026
1,200	-0,050
1,299	-0,021
1,399	-0,052
1,499	-0,056
1,599	0,016
1,700	0,032
1,800	-0,003
1,900	0,086
2,000	0,022
2,100	0,049
2,200	-0,052
2,300	-0,023
2,400	-0,029
2,499	-0,062
2,599	-0,067
2,699	-0,064
2,799	-0,043
2,900	-0,040
3,000	-0,020
3,100	-0,074
3,200	-0,009
3,300	-0,010
3,400	0,022
3,500	-0,061
3,600	-0,036
3,699	-0,050
3,799	-0,001
3,899	-0,038
3,999	-0,040
4,100	0,019
4,200	-0,010
4,300	0,028
4,400	-0,052
4,500	-0,054
4,600	-0,002
4,700	-0,011
4,800	-0,092
4,899	-0,069
4,999	-0,021
5,099	-0,044
5,199	-0,023
5,299	0,015
5,400	-0,007
5,500	-0,008
5,600	-0,041
5,700	-0,086
5,800	-0,026
5,900	-0,041
6,000	0,017
6,099	-0,015
6,199	-0,041
6,299	-0,036
6,399	0,042
6,499	0,072
6,600	0,090
6,700	0,098
6,800	0,091
6,900	0,089
7,000	0,092
7,100	0,163
7,200	0,130
7,300	0,163
7,399	0,129
7,499	0,092
7,599	-0,015
7,699	0,011
7,800	-0,108
7,900	-0,125
8,000	-0,210
8,100	-0,274
8,200	-0,297
8,300	-0,480
8,400	-0,576
8,500	-0,580
8,599	-0,693
8,699	-0,765
8,799	-0,942
8,899	-1,052
9,000	-1,186
9,100	-1,225
9,200	-1,311
9,300	-1,236
9,400	-1,070
9,500	-0,741
9,600	-0,318
9,700	0,247
9,799	0,908
9,899	1,426
9,999	1,888
10,099	2,245
10,200	2,381
10,300	2,211
10,400	1,861
10,500	1,372
10,600	0,894
10,700	0,383
10,800	0,002
10,900	-0,142
10,999	-0,314
11,099	-0,349
11,199	-0,405
11,299	-0,366
11,400	-0,313
11,500	-0,276
11,600	-0,181
11,700	-0,177
11,800	-0,151
11,900	-0,100
12,000	-0,063
12,100	-0,073
12,199	-0,011
12,299	0,112
12,399	0,095
12,499	0,152
12,600	0,205
12,700	0,192
12,800	0,197
12,900	0,128
13,000	0,147
13,100	0,086
13,200	0,056
13,300	-0,012
13,399	-0,023
13,499	-0,045
13,599	-0,007
13,699	0,137
13,800	0,160
13,900	0,157
14,000	0,153
14,100	0,160
14,200	0,033
14,300	-0,053
14,400	-0,126
14,500	-0,237
14,599	-0,308
14,699	-0,355
14,799	-0,367
14,899	-0,296
15,000	-0,337
15,100	-0,225
15,200	-0,257
15,300	-0,174
15,400	-0,114
15,500	-0,053
15,600	-0,062
15,700	0,072
15,799	0,090
15,899	0,106
15,999	0,109
16,099	0,117
16,200	0,067
16,300	0,082
16,400	-0,002
16,500	-0,147
16,600	-0,130
16,700	-0,168
16,800	-0,234
16,900	-0,297
16,999	-0,443
17,099	-0,467
17,199	-0,509
17,299	-0,525
17,400	-0,522
17,500	-0,460
17,600	-0,441
17,700	-0,419
17,800	-0,296
17,900	-0,237
18,000	-0,145
18,100	-0,147
18,199	-0,121
18,299	-0,100
18,399	-0,107
18,499	-0,091
18,600	-0,067
18,700	-0,059
18,800	-0,054
18,900	-0,060
19,000	-0,099
19,100	-0,159
19,200	-0,119
19,300	-0,088
19,399	-0,049
19,499	-0,035
19,599	0,042
19,699	0,071
19,800	0,030
19,900	0,051
20,000	-0,013
20,100	-0,080
20,200	-0,105
20,300	-0,180
20,400	-0,166
20,500	-0,223
20,599	-0,191
20,699	-0,192
20,799	-0,240
20,899	-0,108
21,000	-0,088
21,100	0,019
21,200	0,090
21,300	0,168
21,400	0,254
21,500	0,316
21,600	0,382
21,700	0,386
21,799	0,332
21,899	0,280
21,999	0,200
22,099	0,178
22,200	0,111
22,300	0,159
22,400	0,037
22,500	0,062
22,600	-0,015
22,700	-0,056
22,800	-0,058
22,900	-0,049
22,999	-0,064
23,099	-0,030
23,199	0,057
23,299	0,042
23,400	0,129
23,500	0,160
23,600	0,113
23,700	0,145
23,800	0,191
23,900	0,211
24,000	0,185
24,100	0,150
24,199	0,147
24,299	0,120
24,399	0,093
24,499	0,138
24,600	0,064
24,700	0,112
24,800	0,072
24,900	0,099
25,000	0,115
25,100	0,161
25,200	0,123
25,300	0,081
25,399	0,069
25,499	0,018
25,599	-0,011
25,699	-0,097
25,800	-0,043
25,900	-0,130
26,000	-0,099
26,100	-0,140
26,200	-0,219
26,300	-0,158
26,400	-0,138
26,500	-0,182
26,599	-0,126
26,699	-0,066
26,799	-0,002
26,899	-0,071
27,000	-0,046
27,100	0,036
27,200	-0,051
27,300	-0,031
27,400	-0,076
27,500	0,023
27,600	0,020
27,700	-0,025
27,799	0,047
27,899	0,040
27,999	-0,022
28,099	-0,045
28,200	-0,050
28,300	-0,049
28,400	-0,114
28,500	-0,086
28,600	-0,100
28,700	-0,104
28,800	-0,082
28,900	-0,038
28,999	-0,115
29,099	-0,104
29,199	-0,078
29,299	-0,108
29,400	-0,142
29,500	-0,136
29,600	-0,081
29,700	-0,152
29,800	-0,218
29,900	-0,209
30,000	-0,132
30,100	-0,105
30,199	-0,059
30,299	-0,045
30,399	-0,023
30,499	0,112
30,600	0,068
30,700	0,059
30,800	0,005
30,900	0,029
31,000	-0,018
31,100	-0,117
31,200	-0,085
31,300	-0,142
31,399	-0,150
31,499	-0,159
31,599	-0,191
31,699	-0,107
31,799	-0,099
31,900	-0,128
32,000	-0,137
32,100	-0,129
32,200	-0,101
32,300	-0,093
32,400	-0,125
32,500	-0,128
32,599	-0,108
32,699	-0,122
32,799	-0,123
32,899	-0,127
32,999	-0,049
33,100	-0,057
33,200	-0,054
33,300	-0,054
33,400	-0,023
33,500	-0,045
33,600	0,022
33,700	-0,063
33,800	-0,002
33,899	0,037
33,999	-0,001
34,099	0,060
34,199	0,015
34,300	0,036
34,400	0,091
34,500	0,070
34,600	0,062
34,700	0,097
34,800	0,090
34,900	0,065
35,000	-0,002
35,099	0,062
35,199	0,004
35,299	0,008
35,399	0,021
35,500	0,033
35,600	-0,014
35,700	0,011
35,800	0,011
35,900	-0,063
36,000	-0,049
36,100	-0,085
36,200	-0,067
36,299	-0,095
36,399	-0,110
36,499	-0,120
36,599	-0,113
36,700	-0,099
36,800	-0,090
36,900	-0,110
37,000	-0,065
37,100	-0,122
37,200	-0,067
37,300	-0,049
37,400	-0,009
37,499	-0,043
37,599	0,022
37,699	0,013
37,799	-0,016
37,900	0,014
38,000	0,009
38,100	-0,004
38,200	0,006
38,300	0,046
38,400	0,043
38,500	0,019
38,600	0,013
38,699	0,013
38,799	-0,001
38,899	0,000
38,999	-0,017
39,100	-0,047
39,200	-0,019
39,300	-0,004
39,400	-0,058
39,500	0,007
39,600	-0,057
39,700	-0,003
39,800	0,016
39,899	0,003
39,999	-0,004
40,099	-0,044
40,199	-0,058
40,300	-0,014
40,400	-0,055
40,500	-0,100
40,600	-0,115
40,700	-0,098
40,800	-0,084
40,900	-0,060
41,000	-0,079
41,099	-0,087
41,199	-0,059
41,299	-0,036
41,399	-0,009
41,500	-0,010
41,600	-0,040
41,700	-0,042
41,800	-0,042
41,900	0,019
42,000	-0,008
42,100	0,020
42,200	-0,101
42,299	-0,092
42,399	-0,095
42,499	-0,073
42,599	-0,062
42,700	-0,059
42,800	-0,052
42,900	-0,050
43,000	-0,095
43,100	-0,058
43,200	-0,020
43,300	-0,061
43,400	-0,047
43,499	-0,009
43,599	-0,044
43,699	-0,086
43,799	-0,020
43,900	-0,034
44,000	-0,036
44,100	-0,064
44,200	-0,054
44,300	-0,064
44,400	-0,043
44,500	-0,026
44,600	-0,051
44,699	-0,024
44,799	-0,065
44,899	-0,052
44,999	-0,069
45,100	-0,016
45,200	0,019
45,300	0,007
45,400	-0,032
45,500	-0,028
45,600	-0,061
45,700	-0,021
45,800	-0,020
45,899	-0,025
45,999	-0,074
46,099	-0,045
46,199	-0,064
46,300	-0,024
46,400	-0,045
46,500	-0,044
46,600	0,017
46,700	0,021
46,800	0,050
46,900	0,030
47,000	0,034
47,099	0,026
47,199	0,003
47,299	-0,081
47,399	-0,097
47,500	-0,072
47,600	-0,072
47,700	-0,130
47,800	-0,125
47,900	-0,089
48,000	-0,090
48,100	-0,031
48,200	-0,072
48,299	-0,098
48,399	-0,009
48,499	-0,041
48,599	-0,032
48,700	-0,021
48,800	0,045
48,900	0,024
49,000	0,006
49,100	0,057
49,200	0,031
49,300	0,010
49,400	0,024
49,499	-0,012
49,599	-0,029
49,699	-0,090
49,799	-0,093
49,900	-0,088
50,000	-0,065
50,100	-0,010
50,200	-0,022
50,300	0,006
50,400	0,030
50,500	0,004
50,600	-0,001
50,699	0,022
50,799	0,025
50,899	-0,032
50,999	0,021
51,100	-0,056
51,200	-0,016
51,300	-0,070
51,400	-0,087
51,500	-0,012
51,600	-0,077
51,700	-0,055
51,800	-0,042
51,899	-0,009
51,999	-0,052
52,099	-0,024
52,199	0,034
52,300	0,011
52,400	0,008
52,500	-0,012
52,600	-0,066
52,700	-0,052
52,800	-0,077
52,900	-0,044
53,000	-0,104
53,099	-0,096
53,199	-0,070
53,299	-0,079
53,399	-0,076
53,500	-0,108
53,600	-0,094
53,700	-0,068
53,800	-0,069
53,900	-0,055
54,000	-0,025
54,100	-0,017
54,200	-0,055
54,299	-0,020
54,399	-0,017
54,499	0,027
54,599	0,008
54,700	-0,022
54,800	-0,019
54,900	-0,099
55,000	-0,082
55,100	-0,017
55,200	-0,066
55,300	-0,051
55,400	-0,048
55,499	-0,068
55,599	-0,019
55,699	-0,010
55,799	-0,037
55,900	0,006
56,000	0,013
56,100	0,003
56,200	0,000
56,300	0,000
56,400	-0,075
56,500	-0,017
56,600	-0,069
56,699	0,010
56,799	-0,036
56,899	-0,001
56,999	-0,060
57,100	-0,020
57,200	-0,039
57,300	0,005
57,400	0,002
57,500	0,001
57,600	-0,039
57,700	-0,028
57,800	-0,069
57,899	-0,074
57,999	-0,043
58,099	0,028
58,199	0,023
58,299	-0,017
58,400	-0,055
58,500	0,005
58,600	0,024
58,700	-0,030
58,800	-0,022
58,900	-0,032
59,000	0,021
59,099	0,033
59,199	-0,054
59,299	-0,053
59,399	-0,037
59,499	-0,038
59,600	-0,022
59,700	0,030
59,800	-0,039
59,900	-0,021
60,000	-0,016
60,100	-0,015
60,200	-0,045
60,300	-0,079
60,399	-0,125
60,499	-0,097
60,599	-0,026
60,699	-0,025
60,800	-0,089
60,900	-0,072
61,000	-0,059
61,100	-0,037
61,200	-0,069
61,300	-0,049
61,400	-0,047
61,500	-0,064
61,599	0,012
61,699	-0,047
61,799	-0,006
61,899	-0,029
62,000	-0,037
62,100	-0,044
62,200	-0,087
62,300	-0,041
62,400	-0,027
62,500	-0,047
62,600	-0,022
62,700	-0,010
62,799	-0,025
62,899	-0,054
62,999	-0,084
63,099	-0,064
63,200	-0,012
63,300	-0,012
63,400	-0,008
63,500	0,011
63,600	-0,017
63,700	-0,118
63,800	-0,069
63,900	-0,065
63,999	-0,028
64,099	-0,052
64,199	-0,072
64,299	-0,087
64,400	-0,050
64,500	-0,001
64,600	-0,059
64,700	-0,059
64,800	0,013
64,900	0,022
65,000	0,027
65,100	0,004
65,199	-0,022
65,299	-0,030
65,399	-0,037
65,499	-0,068
65,600	-0,034
65,700	-0,088
65,800	-0,049
65,900	-0,105
66,000	-0,050
66,100	-0,034
66,200	-0,043
66,300	-0,028
66,399	0,009
66,499	0,025
66,599	-0,023
66,699	-0,033
66,800	-0,011
66,900	-0,071
67,000	-0,060
67,100	-0,069
67,200	-0,051
67,300	-0,061
67,400	-0,082
67,500	-0,050
67,599	-0,074
67,699	-0,039
67,799	-0,028
67,899	-0,021
68,000	-0,041
68,100	-0,032
68,200	-0,012
68,300	-0,011
68,400	-0,030
68,500	0,004
68,600	0,002
68,700	-0,044
68,799	-0,055
68,899	-0,025
68,999	-0,051
69,099	-0,002
69,200	-0,009
69,300	-0,014
69,400	-0,004
69,500	-0,022
69,600	-0,022
69,700	-0,036
69,800	-0,015
69,900	-0,060
69,999	-0,088
70,099	-0,058
70,199	-0,014
70,299	-0,046
70,400	-0,044
70,500	-0,013
70,600	-0,045
70,700	-0,032
70,800	-0,057
70,900	-0,009
71,000	-0,040
71,100	-0,057
71,199	-0,030
71,299	-0,061
71,399	-0,007
71,499	-0,011
71,600	-0,066
71,700	-0,026
71,800	-0,020
71,900	-0,018
72,000	-0,005
72,100	0,031
72,200	0,023
72,300	-0,015
72,399	-0,049
72,499	0,009
72,599	-0,052
72,699	-0,046
72,800	-0,020
72,900	-0,006
73,000	-0,045
73,100	-0,004
73,200	-0,060
73,300	-0,031
73,400	-0,009
73,500	-0,038
73,599	-0,010
73,699	-0,057
73,799	0,020
73,899	0,004
74,000	0,011
74,100	-0,028
74,200	0,009
74,300	-0,009
74,400	-0,071
74,500	-0,011
74,600	-0,049
74,700	-0,058
74,799	-0,060
74,899	-0,106
74,999	-0,050
75,099	-0,042
75,200	-0,018
75,300	0,006
75,400	-0,059
75,500	-0,015
75,600	-0,033
75,700	-0,057
75,800	-0,015
75,900	-0,015
75,999	-0,025
76,099	-0,024
76,199	-0,007
76,299	-0,004
76,400	0,027
76,500	-0,028
76,600	-0,073
76,700	-0,035
76,800	-0,015
76,900	0,028
77,000	-0,008
77,100	0,000
77,199	-0,012
77,299	-0,000
77,399	-0,009
77,499	0,013
77,600	0,015
77,700	-0,007
77,800	-0,049
77,900	-0,025
78,000	-0,058
78,100	-0,054
78,200	-0,063
78,300	-0,071
78,399	-0,008
78,499	-0,030
78,599	-0,014
78,699	-0,013
78,800	-0,021
78,900	-0,063
79,000	0,037
79,100	0,027
79,200	-0,031
79,300	-0,019
79,400	0,011
79,500	-0,028
79,599	-0,048
79,699	0,019
79,799	-0,045
79,899	-0,013
80,000	-0,004
80,100	-0,015
80,200	-0,038
80,300	-0,014
80,400	0,029
80,500	0,018
80,600	-0,036
80,700	-0,037
80,799	-0,019
80,899	-0,019
80,999	-0,012
81,099	-0,020
81,200	-0,024
81,300	-0,029
81,400	-0,001
81,500	-0,004
81,600	-0,076
81,700	-0,071
81,800	-0,042
81,900	-0,039
81,999	-0,069
82,099	-0,031
82,199	-0,062
82,299	-0,035
82,400	-0,024
82,500	-0,064
82,600	-0,034
82,700	-0,004
82,800	-0,029
82,900	-0,011
83,000	-0,030
83,100	-0,041
83,199	-0,017
83,299	0,003
83,399	-0,055
83,499	0,013
83,600	-0,015
83,700	-0,098
83,800	-0,049
83,900	-0,024
84,000	-0,023
84,100	-0,007
84,200	-0,008
84,300	-0,018
84,399	-0,083
84,499	0,003
84,599	-0,034
84,699	-0,046
84,799	-0,005
84,900	-0,045
85,000	0,003
85,100	0,005
85,200	-0,022
85,300	-0,010
85,400	-0,019
85,500	-0,026
85,600	-0,021
85,699	-0,047
85,799	-0,010
85,899	0,029
85,999	-0,028
86,100	-0,010
86,200	-0,002
86,300	-0,026
86,400	-0,043
86,500	-0,028
86,600	0,017
86,700	-0,014
86,800	-0,018
86,899	-0,044
86,999	-0,078
87,099	-0,031
87,199	0,001
87,300	-0,026
87,400	-0,063
87,500	-0,032
87,600	-0,060
87,700	-0,030
87,800	-0,043
87,900	-0,064
88,000	-0,054
88,099	-0,028
88,199	-0,005
88,299	-0,022
88,399	-0,049
88,500	-0,070
88,600	-0,047
88,700	-0,015
88,800	-0,039
88,900	-0,051
89,000	-0,024
89,100	-0,026
89,200	-0,066
89,299	-0,026
89,399	-0,019
89,499	-0,078
89,599	-0,010
89,700	-0,054
89,800	-0,071
89,900	-0,047
90,000	-0,060
90,100	0,012
90,200	-0,041
90,300	-0,055
90,400	-0,061
90,499	-0,028
90,599	-0,040
90,699	-0,092
90,799	-0,021
90,900	0,002
91,000	0,007
91,100	-0,101
91,200	-0,085
91,300	-0,023
91,400	-0,017
91,500	-0,011
91,600	-0,081
91,699	-0,043
91,799	-0,065
91,899	-0,041
91,999	-0,018
92,100	-0,029
92,200	-0,056
92,300	0,003
92,400	0,012
92,500	0,001
92,600	-0,025
92,700	-0,041
92,800	-0,103
92,899	-0,064
92,999	-0,024
93,099	-0,087
93,199	-0,044
93,300	-0,053
93,400	-0,043
93,500	-0,032
93,600	-0,024
93,700	-0,076
93,800	-0,064
93,900	0,000
94,000	-0,062
94,099	-0,063
94,199	-0,050
94,299	-0,006
94,399	-0,073
94,500	-0,024
94,600	-0,048
94,700	-0,060
94,800	-0,060
94,900	-0,029
95,000	-0,067
95,100	-0,071
95,200	-0,017
95,299	-0,066
95,399	0,021
95,499	0,017
95,599	-0,032
95,700	-0,032
95,800	-0,001
95,900	-0,049
96,000	-0,016
96,100	-0,037
96,200	-0,041
96,300	-0,065
96,400	-0,063
96,499	-0,039
96,599	-0,076
96,699	0,017
96,799	-0,006
96,900	-0,008
97,000	-0,021
97,100	-0,014
97,200	-0,026
97,300	-0,050
97,400	-0,052
97,500	-0,008
97,600	-0,040
97,699	-0,029
97,799	-0,014
97,899	-0,093
97,999	-0,040
98,100	-0,068
98,200	-0,076
98,300	-0,013
98,400	-0,011
98,500	-0,013
98,600	0,022
98,700	0,014
98,800	0,004
98,899	-0,013
98,999	-0,028
99,099	-0,011
99,199	-0,020
99,300	-0,019
99,400	-0,004
99,500	0,010
99,600	-0,032
99,700	-0,040
99,800	-0,014
99,900	-0,050
100,000	-0,049
