0,000	-0,038
0,099	-0,047
0,199	-0,087
0,299	-0,003
0,399	-0,042
0,500	-0,093
0,600	-0,038
0,700	-0,008
0,800	-0,094
0,900	-0,026
1,000	-0,018
1,100	-0,074
1,200	-0,062
1,299	-0,052
1,399	-0,019
1,499	-0,063
1,599	-0,036
1,700	-0,049
1,800	-0,045
1,900	-0,012
2,000	-0,001
2,100	0,024
2,200	-0,074
2,300	0,004
2,400	-0,053
2,499	-0,065
2,599	-0,042
2,699	-0,045
2,799	-0,092
2,900	-0,109
3,000	-0,100
3,100	0,024
3,200	-0,040
3,300	-0,075
3,400	-0,095
3,500	-0,038
3,600	-0,044
3,699	0,019
3,799	0,015
3,899	0,011
3,999	-0,060
4,100	-0,019
4,200	-0,029
4,300	-0,058
4,400	-0,031
4,500	-0,061
4,600	-0,018
4,700	-0,004
4,800	-0,036
4,899	0,007
4,999	-0,078
5,099	-0,029
5,199	-0,055
5,299	-0,037
5,400	-0,007
5,500	-0,034
5,600	0,010
5,700	-0,072
5,800	-0,030
5,900	-0,034
6,000	-0,093
6,099	-0,083
6,199	-0,072
6,299	-0,083
6,399	-0,021
6,499	-0,089
6,600	-0,069
6,700	-0,087
6,800	-0,050
6,900	-0,040
7,000	-0,041
7,100	-0,042
7,200	-0,025
7,300	-0,025
7,399	0,010
7,499	-0,091
7,599	-0,051
7,699	-0,029
7,800	-0,063
7,900	-0,058
8,000	-0,039
8,100	-0,001
8,200	-0,040
8,300	-0,045
8,400	-0,073
8,500	-0,031
8,599	-0,067
8,699	-0,013
8,799	-0,034
8,899	-0,047
9,000	-0,034
9,100	-0,064
9,200	-0,028
9,300	-0,063
9,400	-0,052
9,500	-0,015
9,600	-0,052
9,700	0,006
9,799	-0,006
9,899	-0,036
9,999	-0,083
10,099	0,010
10,200	-0,003
10,300	-0,050
10,400	-0,076
10,500	-0,086
10,600	-0,087
10,700	-0,082
10,800	-0,032
10,900	-0,021
10,999	-0,030
11,099	-0,064
11,199	-0,135
11,299	-0,100
11,400	-0,094
11,500	-0,089
11,600	-0,081
11,700	-0,082
11,800	-0,069
11,900	-0,065
12,000	-0,021
12,100	-0,012
12,199	-0,004
12,299	-0,010
12,399	-0,089
12,499	-0,109
12,600	-0,068
12,700	-0,113
12,800	-0,044
12,900	-0,090
13,000	-0,062
13,100	-0,043
13,200	-0,114
13,300	-0,067
13,399	-0,074
13,499	-0,057
13,599	-0,052
13,699	-0,000
13,800	-0,079
13,900	-0,064
14,000	-0,009
14,100	-0,078
14,200	-0,071
14,300	-0,027
14,400	-0,060
14,500	-0,074
14,599	-0,064
14,699	-0,074
14,799	-0,077
14,899	-0,039
15,000	-0,026
15,100	-0,006
15,200	-0,008
15,300	0,021
15,400	-0,005
15,500	-0,002
15,600	-0,003
15,700	-0,071
15,799	-0,024
15,899	-0,035
15,999	-0,052
16,099	-0,016
16,200	-0,032
16,300	-0,036
16,400	0,048
16,500	0,038
16,600	0,035
16,700	-0,019
16,800	0,014
16,900	0,008
16,999	0,059
17,099	0,034
17,199	0,019
17,299	0,055
17,400	0,024
17,500	-0,036
17,600	-0,050
17,700	-0,052
17,800	-0,041
17,900	-0,143
18,000	-0,127
18,100	-0,220
18,199	-0,213
18,299	-0,324
18,399	-0,375
18,499	-0,390
18,600	-0,434
18,700	-0,478
18,800	-0,536
18,900	-0,551
19,000	-0,532
19,100	-0,560
19,200	-0,558
19,300	-0,413
19,399	-0,377
19,499	-0,319
19,599	-0,242
19,699	-0,039
19,800	0,093
19,900	0,211
20,000	0,288
20,100	0,416
20,200	0,475
20,300	0,519
20,400	0,558
20,500	0,644
20,599	0,566
20,699	0,568
20,799	0,513
20,899	0,454
21,000	0,422
21,100	0,294
21,200	0,173
21,300	0,094
21,400	0,036
21,500	0,004
21,600	0,018
21,700	-0,075
21,799	-0,092
21,899	-0,033
21,999	-0,067
22,099	-0,006
22,200	-0,044
22,300	0,038
22,400	0,048
22,500	-0,006
22,600	0,011
22,700	0,011
22,800	0,058
22,900	0,072
22,999	0,075
23,099	0,013
23,199	-0,013
23,299	0,003
23,400	0,034
23,500	-0,029
23,600	0,009
23,700	0,022
23,800	-0,016
23,900	-0,011
24,000	-0,003
24,100	-0,027
24,199	-0,006
24,299	-0,101
24,399	-0,036
24,499	-0,115
24,600	-0,072
24,700	-0,091
24,800	-0,165
24,900	-0,173
25,000	-0,176
25,100	-0,161
25,200	-0,160
25,300	-0,151
25,399	-0,164
25,499	-0,133
25,599	-0,098
25,699	-0,118
25,800	-0,074
25,900	-0,131
26,000	-0,057
26,100	-0,068
26,200	-0,056
26,300	-0,056
26,400	-0,061
26,500	-0,110
26,599	-0,104
26,699	-0,101
26,799	-0,114
26,899	-0,141
27,000	-0,219
27,100	-0,169
27,200	-0,304
27,300	-0,295
27,400	-0,270
27,500	-0,247
27,600	-0,262
27,700	-0,287
27,799	-0,308
27,899	-0,275
27,999	-0,260
28,099	-0,229
28,200	-0,236
28,300	-0,201
28,400	-0,224
28,500	-0,131
28,600	-0,204
28,700	-0,124
28,800	-0,118
28,900	-0,084
28,999	-0,167
29,099	-0,151
29,199	-0,114
29,299	-0,091
29,400	-0,062
29,500	-0,044
29,600	-0,109
29,700	-0,121
29,800	-0,131
29,900	-0,125
30,000	-0,075
30,100	-0,043
30,199	-0,089
30,299	-0,049
30,399	-0,082
30,499	-0,084
30,600	-0,072
30,700	-0,082
30,800	-0,114
30,900	-0,033
31,000	-0,112
31,100	-0,110
31,200	-0,038
31,300	-0,045
31,399	0,059
31,499	0,039
31,599	0,016
31,699	0,028
31,799	0,083
31,900	0,088
32,000	0,134
32,100	0,106
32,200	0,089
32,300	0,102
32,400	0,025
32,500	0,097
32,599	0,073
32,699	0,046
32,799	0,061
32,899	0,075
32,999	0,028
33,100	0,051
33,200	0,019
33,300	0,039
33,400	0,054
33,500	0,006
33,600	0,077
33,700	0,083
33,800	0,080
33,899	0,055
33,999	0,050
34,099	0,058
34,199	0,106
34,300	0,127
34,400	0,113
34,500	0,103
34,600	0,101
34,700	0,130
34,800	0,086
34,900	0,072
35,000	0,055
35,099	0,068
35,199	0,058
35,299	0,032
35,399	0,072
35,500	0,021
35,600	0,068
35,700	-0,001
35,800	0,015
35,900	0,008
36,000	-0,027
36,100	-0,040
36,200	-0,057
36,299	-0,088
36,399	-0,034
36,499	-0,017
36,599	-0,087
36,700	-0,064
36,800	-0,026
36,900	-0,049
37,000	-0,015
37,100	-0,041
37,200	-0,058
37,300	-0,058
37,400	0,008
37,499	-0,041
37,599	-0,007
37,699	0,019
37,799	-0,063
37,900	-0,062
38,000	-0,012
38,100	-0,023
38,200	-0,022
38,300	-0,014
38,400	-0,120
38,500	-0,071
38,600	-0,076
38,699	-0,079
38,799	-0,060
38,899	-0,030
38,999	-0,015
39,100	-0,092
39,200	-0,070
39,300	-0,109
39,400	-0,083
39,500	-0,120
39,600	-0,052
39,700	-0,095
39,800	-0,060
39,899	-0,080
39,999	-0,074
40,099	-0,064
40,199	-0,040
40,300	-0,108
40,400	-0,085
40,500	-0,067
40,600	-0,072
40,700	-0,106
40,800	-0,057
40,900	-0,043
41,000	-0,089
41,099	-0,063
41,199	-0,074
41,299	-0,071
41,399	-0,047
41,500	-0,112
41,600	-0,090
41,700	-0,048
41,800	-0,115
41,900	-0,145
42,000	-0,080
42,100	-0,123
42,200	-0,130
42,299	-0,126
42,399	-0,155
42,499	-0,111
42,599	-0,120
42,700	-0,083
42,800	-0,089
42,900	-0,093
43,000	-0,019
43,100	-0,035
43,200	-0,091
43,300	-0,047
43,400	-0,096
43,499	-0,047
43,599	-0,045
43,699	-0,025
43,799	-0,076
43,900	-0,024
44,000	-0,022
44,100	0,001
44,200	-0,014
44,300	-0,041
44,400	0,006
44,500	-0,060
44,600	0,019
44,699	0,009
44,799	0,041
44,899	-0,001
44,999	-0,026
45,100	-0,021
45,200	0,031
45,300	-0,004
45,400	0,011
45,500	-0,026
45,600	-0,069
45,700	-0,054
45,800	-0,015
45,899	-0,026
45,999	-0,073
46,099	-0,070
46,199	-0,052
46,300	-0,107
46,400	-0,047
46,500	-0,089
46,600	-0,079
46,700	-0,106
46,800	-0,097
46,900	-0,059
47,000	-0,031
47,099	-0,126
47,199	-0,079
47,299	-0,027
47,399	-0,017
47,500	-0,016
47,600	-0,096
47,700	-0,079
47,800	-0,031
47,900	-0,004
48,000	-0,020
48,100	-0,059
48,200	-0,062
48,299	-0,062
48,399	-0,035
48,499	-0,020
48,599	0,007
48,700	-0,021
48,800	0,008
48,900	-0,024
49,000	-0,023
49,100	-0,041
49,200	-0,054
49,300	-0,040
49,400	-0,025
49,499	-0,042
49,599	-0,076
49,699	-0,077
49,799	0,016
49,900	-0,080
50,000	-0,072
50,100	0,020
50,200	-0,034
50,300	-0,048
50,400	-0,073
50,500	-0,077
50,600	-0,067
50,699	-0,077
50,799	-0,093
50,899	-0,118
50,999	-0,102
51,100	-0,081
51,200	-0,093
51,300	-0,021
51,400	-0,040
51,500	-0,064
51,600	-0,074
51,700	-0,064
51,800	-0,094
51,899	-0,092
51,999	-0,060
52,099	-0,092
52,199	-0,091
52,300	-0,076
52,400	-0,093
52,500	-0,056
52,600	-0,112
52,700	-0,082
52,800	-0,061
52,900	-0,092
53,000	-0,112
53,099	-0,094
53,199	-0,111
53,299	-0,063
53,399	-0,077
53,500	-0,089
53,600	-0,024
53,700	-0,040
53,800	-0,032
53,900	0,003
54,000	-0,044
54,100	0,009
54,200	-0,006
54,299	-0,062
54,399	-0,010
54,499	0,012
54,599	-0,005
54,700	-0,039
54,800	-0,053
54,900	-0,019
55,000	-0,071
55,100	0,022
55,200	0,016
55,300	-0,015
55,400	-0,037
55,499	0,064
55,599	0,025
55,699	0,012
55,799	-0,010
55,900	0,001
56,000	-0,027
56,100	-0,033
56,200	-0,060
56,300	0,029
56,400	0,016
56,500	0,045
56,600	0,011
56,699	0,012
56,799	-0,045
56,899	0,009
56,999	-0,015
57,100	-0,077
57,200	-0,021
57,300	-0,014
57,400	-0,040
57,500	-0,038
57,600	-0,067
57,700	-0,035
57,800	-0,072
57,899	-0,069
57,999	-0,092
58,099	-0,110
58,199	-0,117
58,299	-0,107
58,400	-0,020
58,500	-0,034
58,600	-0,033
58,700	-0,035
58,800	-0,036
58,900	-0,085
59,000	-0,084
59,099	-0,013
59,199	-0,087
59,299	-0,076
59,399	-0,078
59,499	-0,049
59,600	-0,058
59,700	-0,019
59,800	0,007
59,900	-0,003
60,000	-0,026
60,100	-0,066
60,200	-0,043
60,300	-0,029
60,399	-0,091
60,499	0,011
60,599	-0,110
60,699	-0,042
60,800	-0,049
60,900	-0,071
61,000	-0,073
61,100	-0,046
61,200	-0,058
61,300	-0,069
61,400	-0,072
61,500	-0,035
61,599	-0,061
61,699	-0,080
61,799	-0,030
61,899	-0,031
62,000	-0,065
62,100	-0,090
62,200	-0,085
62,300	-0,119
62,400	-0,128
62,500	-0,079
62,600	-0,056
62,700	-0,046
62,799	-0,049
62,899	-0,057
62,999	-0,067
63,099	-0,052
63,200	-0,110
63,300	-0,097
63,400	-0,041
63,500	-0,054
63,600	-0,056
63,700	-0,059
63,800	-0,075
63,900	-0,084
63,999	-0,060
64,099	-0,059
64,199	-0,041
64,299	-0,053
64,400	-0,002
64,500	0,005
64,600	-0,049
64,700	0,009
64,800	0,028
64,900	-0,048
65,000	0,004
65,100	-0,063
65,199	-0,049
65,299	-0,053
65,399	-0,034
65,499	-0,058
65,600	-0,056
65,700	-0,049
65,800	-0,032
65,900	0,010
66,000	0,001
66,100	-0,039
66,200	-0,032
66,300	-0,055
66,399	-0,000
66,499	-0,003
66,599	-0,002
66,699	0,005
66,800	0,014
66,900	0,021
67,000	-0,040
67,100	-0,052
67,200	-0,007
67,300	0,004
67,400	-0,047
67,500	-0,003
67,599	0,052
67,699	0,035
67,799	0,018
67,899	-0,017
68,000	-0,024
68,100	-0,009
68,200	-0,001
68,300	0,037
68,400	-0,058
68,500	-0,025
68,600	-0,029
68,700	0,002
68,799	-0,043
68,899	0,004
68,999	0,008
69,099	-0,032
69,200	0,000
69,300	-0,015
69,400	0,050
69,500	-0,027
69,600	-0,013
69,700	0,067
69,800	-0,059
69,900	-0,012
69,999	-0,004
70,099	-0,026
70,199	-0,016
70,299	-0,040
70,400	-0,090
70,500	-0,016
70,600	-0,058
70,700	-0,051
70,800	-0,057
70,900	-0,010
71,000	-0,046
71,100	-0,077
71,199	-0,062
71,299	-0,043
71,399	-0,078
71,499	-0,046
71,600	-0,034
71,700	-0,063
71,800	-0,077
71,900	-0,044
72,000	-0,025
72,100	-0,038
72,200	-0,035
72,300	0,017
72,399	-0,034
72,499	-0,015
72,599	-0,015
72,699	-0,033
72,800	0,029
72,900	-0,058
73,000	-0,021
73,100	-0,117
73,200	-0,061
73,300	-0,053
73,400	-0,046
73,500	-0,004
73,599	-0,056
73,699	0,008
73,799	-0,046
73,899	-0,019
74,000	-0,101
74,100	-0,092
74,200	-0,031
74,300	-0,060
74,400	-0,001
74,500	-0,029
74,600	0,014
74,700	-0,046
74,799	-0,017
74,899	-0,057
74,999	-0,028
75,099	-0,111
75,200	-0,070
75,300	-0,046
75,400	-0,063
75,500	-0,062
75,600	-0,075
75,700	-0,070
75,800	-0,057
75,900	-0,064
75,999	-0,057
76,099	-0,005
76,199	-0,028
76,299	-0,076
76,400	-0,011
76,500	-0,092
76,600	-0,114
76,700	-0,057
76,800	-0,078
76,900	-0,076
77,000	-0,019
77,100	-0,061
77,199	-0,080
77,299	-0,045
77,399	-0,038
77,499	-0,017
77,600	-0,087
77,700	-0,063
77,800	-0,103
77,900	-0,089
78,000	-0,036
78,100	-0,018
78,200	-0,090
78,300	-0,062
78,399	-0,027
78,499	-0,081
78,599	-0,033
78,699	-0,039
78,800	-0,060
78,900	-0,074
79,000	-0,057
79,100	-0,107
79,200	-0,006
79,300	-0,087
79,400	-0,020
79,500	-0,069
79,599	-0,026
79,699	-0,078
79,799	-0,099
79,899	-0,003
80,000	-0,043
80,100	-0,026
80,200	-0,030
80,300	-0,049
80,400	-0,058
80,500	-0,035
80,600	-0,081
80,700	-0,027
80,799	-0,049
80,899	-0,082
80,999	-0,014
81,099	-0,039
81,200	-0,032
81,300	-0,067
81,400	-0,026
81,500	-0,011
81,600	-0,015
81,700	-0,075
81,800	-0,016
81,900	-0,018
81,999	-0,042
82,099	-0,067
82,199	-0,076
82,299	-0,074
82,400	-0,016
82,500	-0,044
82,600	-0,073
82,700	-0,039
82,800	-0,065
82,900	-0,011
83,000	0,015
83,100	-0,042
83,199	-0,084
83,299	-0,074
83,399	-0,044
83,499	-0,057
83,600	-0,071
83,700	-0,012
83,800	-0,076
83,900	-0,065
84,000	-0,048
84,100	-0,051
84,200	-0,005
84,300	-0,052
84,399	-0,065
84,499	-0,035
84,599	-0,055
84,699	-0,058
84,799	-0,025
84,900	-0,092
85,000	-0,022
85,100	-0,048
85,200	-0,089
85,300	-0,076
85,400	-0,055
85,500	-0,066
85,600	-0,102
85,699	-0,113
85,799	-0,128
85,899	-0,040
85,999	-0,080
86,100	-0,063
86,200	-0,052
86,300	-0,024
86,400	-0,054
86,500	-0,026
86,600	-0,051
86,700	-0,053
86,800	-0,067
86,899	-0,073
86,999	-0,073
87,099	0,001
87,199	-0,081
87,300	-0,002
87,400	0,014
87,500	-0,090
87,600	0,014
87,700	-0,013
87,800	-0,080
87,900	-0,028
88,000	-0,042
88,099	-0,011
88,199	-0,043
88,299	0,011
88,399	-0,087
88,500	-0,035
88,600	-0,092
88,700	-0,041
88,800	-0,086
88,900	-0,096
89,000	-0,042
89,100	-0,082
89,200	-0,073
89,299	-0,050
89,399	-0,063
89,499	-0,061
89,599	-0,069
89,700	-0,055
89,800	-0,099
89,900	-0,032
90,000	-0,020
90,100	0,005
90,200	-0,062
90,300	-0,004
90,400	-0,029
90,499	-0,002
90,599	-0,010
90,699	-0,013
90,799	0,015
90,900	-0,021
91,000	0,007
91,100	-0,027
91,200	-0,089
91,300	-0,082
91,400	-0,099
91,500	-0,069
91,600	-0,030
91,699	-0,016
91,799	-0,051
91,899	-0,090
91,999	-0,056
92,100	-0,058
92,200	-0,084
92,300	-0,065
92,400	-0,073
92,500	-0,072
92,600	0,006
92,700	-0,040
92,800	-0,034
92,899	-0,016
92,999	-0,043
93,099	-0,023
93,199	-0,052
93,300	-0,056
93,400	-0,072
93,500	-0,076
93,600	-0,029
93,700	-0,075
93,800	-0,009
93,900	-0,069
94,000	-0,039
94,099	-0,027
94,199	-0,075
94,299	-0,091
94,399	-0,004
94,500	-0,024
94,600	-0,065
94,700	-0,069
94,800	-0,058
94,900	-0,045
95,000	-0,038
95,100	-0,004
95,200	-0,024
95,299	0,009
95,399	-0,071
95,499	-0,081
95,599	-0,046
95,700	0,002
95,800	-0,016
95,900	-0,033
96,000	-0,010
96,100	-0,027
96,200	-0,012
96,300	-0,070
96,400	-0,085
96,499	-0,075
96,599	-0,067
96,699	-0,019
96,799	-0,088
96,900	-0,084
97,000	-0,057
97,100	-0,050
97,200	-0,050
97,300	-0,058
97,400	-0,059
97,500	-0,020
97,600	-0,008
97,699	-0,039
97,799	-0,088
97,899	-0,002
97,999	-0,107
98,100	-0,061
98,200	-0,004
98,300	-0,012
98,400	-0,016
98,500	-0,063
98,600	-0,067
98,700	-0,078
98,800	-0,001
98,899	-0,069
98,999	-0,033
99,099	-0,063
99,199	-0,040
99,300	0,002
99,400	-0,014
99,500	-0,062
99,600	-0,025
99,700	-0,058
99,800	-0,011
99,900	-0,052
100,000	-0,033
